-3.594637532644709421e-01
-2.428615801371390992e-01
-2.953695038263702277e-01
-2.906656512523280722e-01
-2.049550778637871939e-01
-2.543473838756198369e-01
-3.646452965028501580e-01
-4.855930067938848960e-01
-5.763510557589528460e-01
-6.895131237217588804e-01
-9.581447597525687421e-01
-1.027690904953542761e+00
-1.184151497327611713e+00
-1.321420210693982522e+00
-1.360708485904178922e+00
-1.449196440279654219e+00
-1.229365804764050329e+00
-6.479647553612067901e-01
-4.086653054948612418e-01
-3.868826471260015110e-01
-3.363816919882707257e-01
-3.180332695866590065e-01
-1.122249722989751702e-01
6.504984455763207496e-02
2.470730517792490283e-02
-4.974557354326488573e-02
1.684691394263624145e-02
-9.431822090257301061e-02
-2.349394201882901989e-01
-2.372419612607264139e-01
-2.712590369971633053e-01
-2.874687532439861304e-01
-2.964469638802328944e-01
-4.826568657422062314e-01
-6.648634490459827129e-01
-7.341181801260613371e-01
-9.857373166034587575e-01
-1.248128902094771453e+00
-1.436001992340655509e+00
-1.413638622729811667e+00
-1.343601699822616791e+00
-1.198758634153501479e+00
-1.193626195607699225e+00
-1.262440440490290916e+00
-1.167939766707373428e+00
-1.118175395844106745e+00
-1.088374647483691060e+00
-9.000233305538283268e-01
-6.798769136315406802e-01
-5.993620572732252239e-01
-5.034104665426076819e-01
-3.996397915020636904e-01
-4.778429081967187075e-01
-1.982691349555606719e-01
-3.585368723619448694e-01
-4.854630047667159998e-01
-6.052284614987218925e-01
-7.642774885135482643e-01
-9.269583870533296688e-01
-4.949894799933761136e-01
-8.131053439382607273e-01
-9.686792124808382143e-01
-1.124652622466408403e+00
-1.168310487206383863e+00
-1.340159035460881665e+00
-1.189397325346439604e+00
-7.704241431125357087e-01
-4.214272455287171315e-01
-3.454448389324198954e-01
-1.537308408940206705e-01
-1.556206443475266765e-01
-1.560428231944254174e-01
-2.098421220475532589e-01
-1.953008815163046197e-01
-1.934070728557918117e-01
-1.707570269492316439e-01
6.558992850732885127e-02
-9.438857729059217661e-02
-3.104075797811155502e-01
-4.654671930902631871e-01
-5.931525702350343154e-01
-7.764133815542842987e-01
-1.074304579776053314e+00
-1.048339514762822944e+00
-1.207541450880248002e+00
-1.167362562943240700e+00
-1.359511957106937841e+00
-1.441548264853173000e+00
-1.181334418844964151e+00
-1.132936901596619528e+00
-1.113765374570743871e+00
-6.866691386338303893e-01
-3.487627998849074928e-01
-3.537251288784215020e-01
-3.070591667069865194e-01
-2.534003940087358187e-01
1.570626820960683082e-02
-3.728812221614603850e-02
-4.615107786054819389e-02
-1.221576698103788300e-01
-2.218623047166694284e-01
-2.194836154041872600e-01
-3.327956402006154724e-01
-3.697326383680993866e-01
-5.241966006786384913e-01
-4.590847645569103852e-01
-4.881810003626732009e-01
-7.448260787462944732e-01
-2.541558471970516986e-01
-4.769973494368663913e-01
-3.671865216297863777e-01
-3.633488244529409217e-01
-4.153283617822599583e-01
-5.522143769202529917e-01
-4.841548164464913317e-01
-2.803665707175295729e-01
-1.595348021350693757e-01
-1.014049385864852493e-01
-6.168391114116623247e-02
-1.186824876244150541e-02
-7.972251817106232319e-02
-3.618373760595827715e-02
-1.644363323555132483e-01
-1.487556428924724505e-01
-6.007031725539024175e-02
-2.326859647658114372e-01
-3.130844377631144537e-01
-3.572414320654494491e-01
-5.615526535354610216e-01
-7.432571792670578104e-01
-7.700581386735451117e-01
-8.132884229951913291e-01
-8.791192267075005340e-01
-1.124690458047002961e+00
-1.327467453194791647e+00
-1.585546967629155590e+00
-1.547796939771060254e+00
-1.407852582914679740e+00
-1.030004346136954574e+00
-1.039607600915363639e+00
-1.021102514781523363e+00
-5.960826977931293902e-01
-2.866474232766826891e-01
-3.044302511202314210e-01
-1.775599174143273062e-01
