-4.013123462784105033e-01
-2.585066335728123943e-01
-3.043359143625272711e-01
-2.961591406274814986e-01
-1.890162639395053523e-01
-2.347265787564691009e-01
-3.720211961822706970e-01
-5.169380763129661771e-01
-6.233432735230401978e-01
-7.437184734724747726e-01
-1.018925547301674062e+00
-1.091849578355938766e+00
-1.252287309820767858e+00
-1.393443610474804251e+00
-1.436697122897526935e+00
-1.528774524491024467e+00
-1.308852568783586356e+00
-7.198440843639546394e-01
-4.714941927160659074e-01
-4.416487575480838035e-01
-3.743864286019180643e-01
-3.434430485757831719e-01
-8.023703955138540567e-02
1.324101666792359133e-01
1.421632024037894626e-01
1.195803265427461681e-01
1.472724373622203431e-01
9.587190107270897321e-02
-1.153759282205333997e-01
-1.580476708244036577e-01
-2.241190516248638132e-01
-2.596719818203898078e-01
-2.831234251226928400e-01
-4.981216745283950087e-01
-7.044559630267671624e-01
-7.854842160623491942e-01
-1.046949405117594933e+00
-1.317127731030325544e+00
-1.513046362937664924e+00
-1.495658512020428432e+00
-1.427987634670506045e+00
-1.282892998017773012e+00
-1.277398876428844421e+00
-1.346560942347899026e+00
-1.250768171605125989e+00
-1.199058471863380992e+00
-1.166462876411858529e+00
-9.741073247695677395e-01
-7.469061149946071287e-01
-6.587506349442726616e-01
-5.568038357466652544e-01
-4.466452442060669936e-01
-5.276149375380539963e-01
-2.008215528046285725e-01
-3.664134551997679234e-01
-5.090092404582420293e-01
-6.390289487464555496e-01
-8.030560471908516629e-01
-9.683171866858329979e-01
-5.376872107436402315e-01
-8.577452499563306132e-01
-1.013666095425790781e+00
-1.169539479724436948e+00
-1.212951354101846180e+00
-1.385462631817617751e+00
-1.233603293608892315e+00
-8.089137651879574342e-01
-4.580522923710192984e-01
-3.681380858904713116e-01
-1.285053570661491840e-01
-9.753780538963842395e-02
-8.234918510019821614e-02
-1.408215083535407641e-01
-1.264889427364560837e-01
-1.249147723740021282e-01
-9.789374000470284221e-02
1.417705562010069531e-01
6.561340745247223882e-02
-2.281692853169922652e-01
-4.398951758275043700e-01
-6.063109146962761820e-01
-8.103794362300600351e-01
-1.124358512909262364e+00
-1.105573233987007686e+00
-1.271295579737459436e+00
-1.233878166897533823e+00
-1.431313238171982416e+00
-1.516670626039171355e+00
-1.255470924786732390e+00
-1.205907630809812670e+00
-1.184797073519696431e+00
-7.511928835478201005e-01
-3.893637799552468470e-01
-3.850649269256654628e-01
-3.232825367881141387e-01
-2.493731782545499376e-01
1.001700282214303267e-01
7.882132512111195144e-02
8.623316604603112334e-02
-4.845496311080295772e-04
-1.304101896644794256e-01
-1.476476809206844765e-01
-3.030929289723339748e-01
-3.705058506859681411e-01
-5.536581493167131995e-01
-5.067002540641621922e-01
-5.471571860597737036e-01
-8.093956982855773363e-01
-2.767360503580452158e-01
-5.062148609810537270e-01
-3.983936995004123127e-01
-3.962014945233841012e-01
-4.633217700474804301e-01
-6.094725908317700780e-01
-5.462277846748365695e-01
-3.122656062742194538e-01
-1.394514929170604656e-01
-4.237213550213076579e-02
3.206043812235148671e-02
1.103049991925024176e-01
4.633509864206045853e-02
9.933754894157072191e-02
-5.434123264095282180e-02
-4.974738556466416078e-02
5.231155953050770774e-02
-1.487010501356219594e-01
-2.730089583971943012e-01
-3.502799613502809994e-01
-5.880836938731847097e-01
-7.894965286513759839e-01
-8.277780942629786587e-01
-8.762021215677880948e-01
-9.450015841925898386e-01
-1.194654416428460930e+00
-1.402831715984792060e+00
-1.667203497622837149e+00
-1.634562352682500386e+00
-1.495932849579209689e+00
-1.114570974734943043e+00
-1.121537702479531440e+00
-1.099858300327200444e+00
-6.658760723468455378e-01
-3.171927975489061691e-01
-3.182915721021435940e-01
-1.508250231794457386e-01
